function [ out ] = Hexemple ( )
%UNTITLED2 Summary of this function goes here
%   Detailed explanation goes here

out = [ 1 1 0 1 1 0 0 1 0 0 ;
        0 1 1 0 1 1 1 0 0 0 ;
        0 0 0 1 0 0 0 1 1 1 ;
        1 1 0 0 0 1 1 0 1 0 ;
        0 0 1 0 0 1 0 1 0 1 ]
end

